Run the asp program with the following parameters. 
 -read filename :: reads the graph from a file.
 -random N 0/1 :: generates a NxN graph, randomly. 
               :: if 1, the graph is oriented, otherwise it is not oriented
 0 171 162 81 155 82 56 71 153 52 84 130 194 130 202 105 62 83 177 131 118 196 26 78 170 198 246 166 184 161 128 106 176 131 209 120 95 170 196 148 142 12 142 175 139 111 159 132 102 136 124 86 213 170 154 113 155 169 173 93 117 88 90 129 
70  0 232 151 203 152 126 141 201 122 154 177 23 200 34 111 132 153 247 201 162 256 96 148 71 43 89 236 85 75 198 176 246 187 88 190 165 240 25 196 212 82 190 245 183 181 229 180 140 206 172 156 42 71 55 183 203 217 221 163 165 132 134 199 
162 92  0 153 92 179 180 143 90 176 156 211 75 202 81 171 159 180 39 203 203 51 150 202 107 135 181  4 121 122 225 178 47 203 148 201 167 41 77 33 239 130 66 46 236 192 47 69 174  7 61 183 134 107 91 185 81 101 52 165 198 185 187 226 
153 99 105  0 83 53 171 17 81 167  3 58 122 49 130 24 33 48 96 77 75 115 141 193 98 126 176 109 112 120 93 25 95 77 139 48 14 89 124 76 101 121 70 94 96 39 95 60 48 55 52 51 141 98 82 59 83 97 101 39 45 45 47 96 
141 187 206 222  0 223 197 212 169 193 225 145 210 192 218 79 203 191 239 175 130 256 167 219 142 114 93 210 156 244 213 168 238 155 56 191 157 232 93 164 225 153 158 237 151 182 238 148 108 198 140 184 148 142 126 157 171 185 189 137 133 100 102 212 
143 89 129 134 73  0 161 124 71 157 137 48 112 69 120 150 140  1 116 184 184 149 131 183 88 116 164 133 102 79 46 74 129 184 127 38 66 141 114 66 60 111 60 126 63 29 77 50 155 107 42  4 131 88 72 166 73 87 91 146 35 166 14 47 
169 115 106 25 99 26  0 15 97 56 28 74 138 74 146 49  6 27 121 75 62 140 157 22 114 142 190 110 128 105 72 50 120 75 153 64 39 114 140 92 86 137 86 119 83 55 103 76 46 80 68 30 157 114 98 57 99 113 117 37 61 32 34 73 
163 109 91 10 93 36 181  0 91 177 13 68 132 59 140 34 16 37 106 60 60 125 151 203 108 136 186 95 122 115 82 35 105 60 149 58 24 99 134 86 96 131 80 104 93 49 105 70 31 65 62 40 151 108 92 42 93 107 111 22 55 42 44 83 
88 18 144 63  3 89 144 53  0 140 66 121 41 112 49 82 69 90 159 113 113 178 114 166 89 61 96 148 103 90 135 88 158 113 59 111 77 152 43 139 149 100 133 157 146 102 158 123 84 118 115 93 60 89 73 95  2 16 20 75 108 95 97 136 
173 119 110 29 103 30  4 19 101  0 32 78 142 78 150 53 10 31 125 79 66 144 161 26 118 146 194 114 132 109 76 54 124 79 157 68 43 118 144 96 90 141 90 123 87 59 107 80 50 84 72 34 161 118 102 61 103 117 121 41 65 36 38 77 
162 108 114  9 92 62 180 26 90 176  0 67 131 58 139 21 42 57 105 86 72 124 150 202 107 135 185 118 121 129 102 34 104 86 148 57 23 98 133 85 110 130 79 103 93 48 104 69 50 64 61 60 150 107 91 68 92 106 110 48 54 42 44 105 
138 84 152 129 68 155 156 119 66 152 132  0 107 96 115 147 135 156 143 179 179 162 126 178 83 111 161 156 97 128 93 72 142 179 124 177 61 136 109 61 109 106 55 141 75 168 126 45 150 102 37 51 126 83 67 161 68 82 86 141 30 161 26 96 
124 240 242 161 224 162 136 151 222 132 164 198  0 210 256 132 142 163 256 211 183 256 106 158 61 105 256 246 75 241 208 186 256 208 256 200 175 250  2 217 222 84 211 255 204 191 239 201 161 216 193 166 256 61 61 193 224 238 242 173 186 153 155 209 
191 121 60 192 120 218 201 182 129 197 195 208 99  0 110 142 198 219 47 238 193 80 171 223 146 164 156 64 140 71 256 74 60 218 119 240 206 101 101 93 52 169 95 57 214 231 60 84 171 67 100 222 163 126 130 220 110 130 81 200 196 163 165 256 
81 11 239 162 204 163 137 152 202 133 165 178 34 211  0 112 143 164 256 208 163 256 107 159 82 54 100 243 96 41 209 187 256 188 89 201 176 251 36 197 223 93 191 256 184 192 240 181 141 217 173 167 53 82 66 190 204 218 222 170 166 133 135 210 
162 108 127 153 92 149 180 143 90 176 156 66 131 113 139  0 159 112 160 96 51 178 150 202 107 135 185 131 121 165 134 89 159 76 148 112 78 153 133 85 146 130 79 158 72 103 159 69 29 119 61 105 150 107 91 78 92 106 110 58 54 21 23 133 
163 109 100 19 93 20 181  9 91 177 22 68 132 68 140 43  0 21 115 69 56 134 151 203 108 136 184 104 122 99 66 44 114 69 147 58 33 108 134 86 80 131 80 113 77 49 97 70 40 74 62 24 151 108 92 51 93 107 111 31 55 26 28 67 
152 98 130 143 82 169 170 133 80 166 146 56 121 70 129 151 149  0 117 193 193 150 140 192 97 125 165 134 111 80 45 73 130 193 128 191 68 143 123 75 61 120 69 127 62 182 78 59 164 109 51  3 140 97 81 175 82 96 100 155 44 172 13 48 
144 74 13 145 73 171 172 135 82 168 148 203 52 194 63 152 151 172  0 195 195 33 142 194 99 117 163 17 113 104 217 170 13 195 129 193 159 54 54 46 231 122 48 59 224 184 13 37 166 20 53 175 116 99 83 177 63 83 34 157 190 173 175 218 
167 113 31 158 97 58 185 148 95 181 161 72 106 125 112 176 164 59 70  0 19 82 155 207 112 140 190 35 126 137 104 101 78 26 153 62 90 72 108 64 118 135 84 77 121 53 78 74 179 38 66 62 155 112 96  8 97 111 83 170 59 190 72 105 
226 172 90 217 156 117 244 207 154 240 220 131 165 184 171 235 223 118 129 59  0 141 214 256 171 199 249 94 185 196 163 160 137 85 212 121 149 131 167 123 177 194 143 136 180 112 137 133 238 97 125 121 214 171 155 67 156 170 142 229 118 249 131 164 
111 41 199 118 57 144 145 108 55 141 121 176 24 167 30 136 124 145 214 168 168  0 115 167 72 84 130 203 86 71 190 143 27 168 113 166 132 207 26 49 204 95 15 212 201 157 27 34 139 173 26 148 83 72 56 150 30 50  1 130 163 150 152 191 
49 145 136 55 129 56 30 45 127 26 58 104 168 104 176 79 36 57 151 105 92 170  0 52 144 172 220 140 158 135 102 80 150 105 183 94 69 144 170 122 116  0 116 149 113 85 133 106 76 110 98 60 187 144 128 87 129 143 147 67 91 62 64 103 
195 141 123 42 125 68 45 32 123 41 45 100 164 91 172 66 48 69 138 92 92 157 183  0 140 168 218 127 154 147 114 67 137 92 181 90 56 131 166 118 128 163 112 136 125 81 137 102 63 97 94 72 183 140 124 74 125 139 143 54 87 74 76 115 
63 179 181 100 163 101 75 90 161 71 103 137 202 149 210 71 81 102 196 150 122 215 45 97  0 206 256 185 14 180 147 125 195 147 219 139 114 189 204 156 161 23 150 194 143 130 178 140 100 155 132 105 221  0 162 132 163 177 181 112 125 92 94 148 
27 198 189 108 182 109 83 98 180 79 111 157 221 157 229 99 89 110 204 158 145 223 53 105 28  0 256 193 42 188 155 133 203 158 236 147 122 197 223 175 169 39 169 202 166 138 186 159 128 163 151 113 240 28 12 140 182 196 200 120 144 115 117 156 
48 140 159 129 124 130 104 119 122 100 132 98 163 145 171 32 110 131 192 128 83 210 74 126 49 21  0 163 63 197 166 121 191 108  9 144 110 185 46 117 178 60 111 190 104 135 191 101 61 151 93 134 55 49 33 110 124 138 142 90 86 53 55 165 
158 88 230 149 88 175 176 139 86 172 152 207 71 198 77 167 155 176 245 199 199 47 146 198 103 131 177  0 117 118 221 174 74 199 144 197 163 238 73 29 235 126 62 53 232 188 74 65 170 204 57 179 130 103 87 181 77 97 48 161 194 181 183 222 
144 165 184 150 149 151 125 140 147 121 153 123 188 170 196 57 131 152 217 153 108 235 95 147 91 192 242 188  0 222 191 146 216 133 205 169 135 210 190 142 203 95 136 215 129 160 216 126 86 176 118 155 207 50 148 135 149 163 167 115 111 78 80 190 
133 179 198 155 163 156 130 145 161 126 158 137 202 184 210 71 136 157 231 167 122 249 100 152 96 106 85 202 69  0 202 160 230 147 48 183 149 224 85 156 216 100 150 229 143 174 230 140 100 190 132 160 140 55 118 149 163 177 181 129 125 92 94 203 
174 126 91 171 99 197 171 161 108 167 174 178 130 31 141 112 177 198 78 208 163 111 141 193 125 147 126 95 110 41  0 28 91 188 89 219 45 98 126 79 22 141 92 88 39 210 39 63 141 64 79 12 168 96 109 190 110 124 112 170 166 133 135  9 
207 137 84 208 136 234 225 198 145 221 211 232 120 24 126 166 214 235 71 256 217 96 195 247 162 180 180 88 164 95 256  0 76 242 143 256 222 70 122 116 76 185 111 75 238 247 76 100 195 36 116 238 179 150 146 240 126 146 97 220 220 187 189 256 
131 61 213 132 60 158 159 122 69 155 135 190 44 181 50 139 138 159 228 182 182 20 129 181 86 104 150 217 100 91 204 157  0 182 116 180 146 221 46 40 218 109 35 226 211 171  0 24 153 187 40 162 103 86 70 164 50 70 21 144 177 160 162 205 
141 87 57 132 71 73 159 122 69 155 135 46 110 99 118 150 138 36 96 26 26 108 129 181 86 114 164 61 100 116 81 75 104  0 127 36 64 98 112 64 97 109 58 103 98 27 104 48 153 64 40 39 129 86 70  8 71 85 89 144 33 164 49 84 
85 131 150 166 115 167 141 156 113 137 169 89 154 136 162 23 147 135 183 119 74 201 111 163 86 58 37 154 100 188 157 112 182 99  0 135 101 176 37 108 169 97 102 181 95 126 182 92 52 142 84 128 92 86 70 101 115 129 133 81 77 44 46 156 
148 94 130 139 78 165 166 129 76 162 142 10 103 70 109 151 145  0 117 189 189 150 136 188 93 121 165 134 107 80 45 73 130 189 128  0 68 143 105 31 61 116 65 127 62 178 78 55 160 109 47  3 136 93 77 171 78 92 80 151 40 171 13 48 
212 142 91 213 141 239 236 203 150 232 216 243 125 35 131 177 219 240 82 256 228 101 206 256 167 185 191 95 175 106 256 11 81 253 154 256  0 75 127 121 87 190 116 80 249 252 81 105 206 41 121 243 184 161 151 245 131 151 102 225 231 198 200 256 
137 67 46 138 66 164 165 128 75 161 141 196 50 187 56 145 144 165 63 188 188 26 135 187 92 110 156 45 106 97 210 163  6 188 122 186 152  0 52 46 224 115 41  5 217 177  6 30 159 49 46 168 109 92 76 170 56 76 27 150 183 166 168 211 
130 254 254 173 238 174 148 163 236 144 176 212 256 222 256 146 154 175 256 223 197 256 118 170 75 103 256 256 89 253 220 198 256 222 256 212 187 256  0 231 234 98 225 256 218 203 251 215 175 228 207 178 256 75 59 205 238 252 256 185 200 167 169 221 
129 75 201 120 59 146 147 110 57 143 123 178 72 169 78 138 126 147 216 170 170 235 117 169 74 102 152 205 88 119 192 145 215 170 115 168 134 209 74  0 206 97 39 214 203 159 215 36 141 175 28 150 117 74 58 152 59 73 49 132 165 152 154 193 
152 104 69 149 77 175 149 139 86 145 152 156 108  9 119 90 155 176 56 186 141 89 119 171 103 125 104 73 88 19 221 22 69 166 67 197 163 92 104 57  0 119 70 66 162 188 17 41 119 58 57 179 146 74 87 168 88 102 90 148 144 111 113 222 
223 169 160 79 153 80 241 69 151 237 82 128 192 128 200 103 60 81 175 129 116 194 211 256 168 196 244 164 182 159 126 104 174 129 207 118 93 168 194 146 140  0 140 173 137 109 157 130 100 134 122 84 211 168 152 111 153 167 171 91 115 86 88 127 
112 58 184 103 42 129 130 93 40 126 106 161 81 152 89 121 109 130 199 153 153 218 100 152 57 85 135 188 71 130 175 128 198 153 98 151 117 192 83 34 189 80  0 197 186 142 198 19 124 158 11 133 100 57 41 135 42 56 60 115 148 135 137 176 
160 96 232 151 90 177 178 141 88 174 154 209 79 200 85 169 157 178 247 201 201 55 148 200 105 133 183 40 119 126 223 176 35 201 146 199 165 240 81 69 237 128 48  0 234 190 35 59 172 206 59 181 138 105 89 183 85 104 56 163 196 183 185 224 
218 148 97 219 147 245 223 209 156 219 222 230 131 41 137 164 225 246 88 256 215 107 193 245 173 191 178 101 162 93 62 17 87 240 141 256  6 81 133 127 74 193 122 86  0 256 87 111 193 47 127 33 190 148 157 242 137 157 108 222 218 185 187 61 
114 60 128 105 44 46 132 95 42 128 108 19 83 72 91 123 111  9 119 155 155 138 102 154 59 87 137 132 73 89 54 48 118 155 100  9 37 112 85 37 70 82 31 117 71  0 87 21 126 78 13 12 102 59 43 137 44 58 62 117  6 137 22 57 
141 87 213 132 60 158 159 122 69 155 135 190 110 181 118 139 138 159 228 182 182 247 129 181 86 114 153 217 100 159 204 157 227 182 116 180 146 221 112 40 218 109 53 226 211 171  0 24 153 187 40 162 129 86 70 164 71 85 89 144 177 160 162 205 
117 63 189 108 36 134 135 98 45 131 111 166 86 157 94 115 114 135 204 158 158 223 105 157 62 90 129 193 76 135 180 133 203 158 92 156 122 197 88 16 194 85 29 202 187 147 203  0 129 163 16 138 105 62 46 140 47 61 65 120 153 136 138 181 
190 136 103 181 120 130 208 171 118 204 184 94 159 141 167 67 187 108 142 72 72 154 178 230 135 163 213 107 149 188 153 117 150 72 176 108 106 144 161 113 169 158 107 149 100 99 150 97  0 110 89 111 178 135 119 54 120 134 138 34 82 49 51 156 
171 101 50 172 100 198 199 162 109 195 175 230 84 221 90 179 178 199 57 222 222 60 169 221 126 144 190 54 140 131 244 197 40 222 156 220 186 34 86 80 256 149 75 39 251 211 40 64 193  0 80 202 143 126 110 204 90 110 61 184 217 200 202 245 
101 47 173 92 31 118 119 82 29 115 95 150 70 141 78 110 98 119 188 142 142 207 89 141 46 74 124 177 60 119 164 117 187 142 87 140 106 181 72 24 178 69 18 186 175 131 187  8 113 147  0 122 89 46 30 124 31 45 49 104 137 124 126 165 
210 162 127 207 135 233 207 197 144 203 210 214 166 67 177 148 213 234 114 244 199 147 177 229 161 183 162 131 146 77 42 70 127 224 125 255 87 140 162 115 58 177 128 124 81 246 75 99 177 106 115  0 204 132 145 226 146 160 148 206 202 169 171 45 
95 177 196 176 161 177 151 166 159 147 179 135 200 182 208 69 157 178 229 165 120 247 121 173 96 68 47 200 110 234 203 158 228 145 46 181 147 222 83 154 215 107 148 227 141 172 228 138 98 188 130 174  0 96 80 147 161 175 179 127 123 90 92 202 
94 179 181 100 163 101 75 90 161 71 103 137 202 149 210 71 81 102 196 150 122 215 45 97 41 206 256 185 14 180 147 125 195 147 219 139 114 189 204 156 161 45 150 194 143 130 178 140 100 155 132 105 221  0 162 132 163 177 181 112 125 92 94 148 
71 195 195 114 179 115 89 104 177 85 117 153 218 163 226 87 95 116 210 164 138 229 59 111 16 44 256 199 30 194 161 139 209 163 235 153 128 203 220 172 175 39 166 208 159 144 192 156 116 169 148 119 237 16  0 146 179 193 197 126 141 108 110 162 
159 105 49 150 89 76 177 140 87 173 153 64 124 117 130 168 156 54 88 18 18 100 147 199 104 132 182 53 118 134 99 93 96 18 145 54 82 90 126 82 115 127 76 95 116 45 96 66 171 56 58 57 147 104 88  0 89 103 101 162 51 182 67 102 
128 58 191 110 50 136 177 100 47 173 113 168 41 159 47 129 116 137 206 160 160 225 147 199 102 101 143 195 116 88 182 135 205 160 106 158 124 199 43 186 196 125 180 204 193 149 205 170 131 165 162 140 100 102 102 142  0 63 18 122 155 142 144 183 
119 49 175 94 34 120 171 84 31 167 97 152 35 143 41 113 100 121 190 144 144 209 141 193 96 92 127 179 110 82 166 119 189 144 90 142 108 183 37 170 180 119 164 188 177 133 189 154 115 149 146 124 91 96 96 126 33  0 12 106 139 126 128 167 
110 40 199 118 58 144 159 108 55 155 121 176 23 167 29 137 124 145 214 168 168 233 129 181 84 83 129 203 98 70 190 143 213 168 114 166 132 207 25 194 204 107 188 212 201 157 213 178 139 173 170 148 82 84 84 150 29 49  0 130 163 150 152 191 
169 115 69 160 99 96 187 150 97 183 163 73 138 120 146 33 166 74 108 38 38 120 157 209 114 142 192 73 128 154 119 96 116 38 155 74 85 110 140 92 135 137 86 115 79 65 116 76  9 76 68 77 157 114 98 20 99 113 117  0 61 28 30 122 
108 54 122 99 38 125 126 89 36 122 102 62 77 66 85 117 105 126 113 149 149 132 96 148 53 81 131 126 67 126 130 42 112 149 94 147 31 106 79 31 118 76 25 111 68 138 112 15 120 72  7 101 96 53 37 131 38 52 56 111  0 131 19 129 
141 87 106 132 71 128 159 122 69 155 135 45 110 92 118 59 138 91 139 75 30 157 129 181 86 114 164 110 100 144 113 68 138 55 127 91 57 132 112 64 125 109 58 137 51 82 138 48 36 98 40 84 129 86 70 57 71 85 89 37 33  0  2 112 
139 85 146 130 69 156 157 120 67 153 133 43 108 90 116 148 136 157 137 180 180 156 127 179 84 112 162 150 98 142 111 66 136 180 125 178 55 130 110 62 123 107 56 135 49 169 136 46 151 96 38 82 127 84 68 162 69 83 87 142 31 162  0 110 
165 117 82 162 90 188 162 152 99 158 165 169 121 22 132 103 168 189 69 199 154 102 132 184 116 138 117 86 101 32 31 35 82 179 80 210 60 105 117 70 13 132 83 79 54 201 30 54 132 71 70 43 159 87 100 181 101 115 103 161 157 124 126  0 
